36
120
118
70
146
122
201
122
242
124
238
174
90
266
196
279
249
278
362
278
306
278
415
279
348
420
348
486
136
550
116
878
790
123
884
70
1114
82
884
348
1020
110
885
225
575
225
520
122
885
956
590
526
590
588
657
582
482
618
350
768
708
640
642
640
546
840
483
825
546
898
600
956
550
950
350
875
183
880
184
1005
330
957
1236
147
1167
202
1220
236
1320
270
1154
290
1086
261
1314
318
1221
444
1300
512
1220
537
1302
666
1262
704
1125
747
1065
747
1006
747
885
844
1262
915
1330
956
1200
956
1126
954
1056
954
884
902
1020
1010
1287
1006
1234
1005
1408
914
1450
150
1450
213
1581
189
1587
126
1789
189
1789
122
1800
69
1800
250
1800
315
1500
450
1466
510
1641
590
1770
592
1458
672
1810
645
1814
693
1720
774
1684
866
1720
906
1460
956
1600
1010
885
1150
885
1100
1500
267
1450
360
760
1325